=== Naive Bayes Classifier Training Results (after) ===
Classifier: 
Naive Bayes Classifier

                         Class
Attribute                    0       1       2       3       4       5       6       7
                        (0.39)     (0)  (0.02)     (0)  (0.14)  (0.02)  (0.29)  (0.15)
=======================================================================================
price_encoded
  0                      4105.0     3.0   260.0    24.0  2578.0   221.0  4764.0  2676.0
  1                     15348.0     4.0   533.0   103.0  4115.0   529.0  9103.0  4703.0
  2                       482.0     1.0    25.0     4.0   204.0    41.0   589.0   200.0
  3                        58.0     1.0     6.0     1.0    23.0     3.0    32.0    20.0
  [total]               19993.0     9.0   824.0   132.0  6920.0   794.0 14488.0  7599.0

release_year_encoded
  0                       569.0     1.0    16.0     2.0   108.0    19.0   275.0   233.0
  1                      6774.0     1.0   150.0    26.0  1388.0   172.0  3201.0  2635.0
  2                     12649.0     6.0   657.0   103.0  5423.0   602.0 11011.0  4730.0
  [total]               19992.0     8.0   823.0   131.0  6919.0   793.0 14487.0  7598.0

all_percent_encoded
  0                     19990.0     6.0   326.0   129.0     1.0     1.0     1.0     1.0
  1                         1.0     1.0   459.0     1.0  6917.0     1.0  2108.0     1.0
  2                         1.0     1.0    38.0     1.0     1.0   791.0 12378.0  7596.0
  [total]               19992.0     8.0   823.0   131.0  6919.0   793.0 14487.0  7598.0

all_count_encoded
  0                     19990.0     1.0     1.0     1.0     1.0     1.0     1.0     1.0
  1                         1.0     6.0   821.0   129.0  6915.0   787.0 14464.0  7596.0
  2                         1.0     1.0     1.0     1.0     3.0     5.0    21.0     1.0
  3                         1.0     1.0     1.0     1.0     1.0     1.0     2.0     1.0
  4                         1.0     1.0     1.0     1.0     1.0     1.0     1.0     1.0
  [total]               19994.0    10.0   825.0   133.0  6921.0   795.0 14489.0  7600.0

tags_encoded
  0                       943.0     2.0    55.0    14.0   473.0   112.0  1212.0   523.0
  1                      1761.0     2.0    67.0    10.0   625.0    43.0  1141.0   579.0
  2                      1921.0     1.0    19.0     1.0   200.0    55.0   693.0   785.0
  3                      1375.0     2.0   170.0    38.0   870.0    36.0  1246.0   452.0
  4                      2020.0     1.0    35.0     5.0   330.0    45.0   747.0   660.0
  5                       372.0     1.0    10.0     2.0   125.0    14.0   260.0   144.0
  6                      7580.0     3.0   246.0    40.0  2399.0   385.0  6230.0  3166.0
  7                      2732.0     1.0   129.0    19.0   976.0    33.0  1404.0   803.0
  8                        63.0     1.0    36.0     2.0   514.0    52.0   959.0   178.0
  9                      1232.0     1.0    63.0     7.0   414.0    25.0   602.0   315.0
  [total]               19999.0    15.0   830.0   138.0  6926.0   800.0 14494.0  7605.0



=== Evaluation Summary ===
Accuracy: 78.61%

Correctly Classified Instances       39878               78.613  %
Incorrectly Classified Instances     10849               21.387  %
Kappa statistic                          0.6983
Mean absolute error                      0.0704
Root mean squared error                  0.1879
Relative absolute error                 39.0397 %
Root relative squared error             62.5479 %
Total Number of Instances            50727     

=== Detailed Accuracy By Class ===

                 TP Rate  FP Rate  Precision  Recall   F-Measure  MCC      ROC Area  PRC Area  Class
                 1.000    0.000    1.000      1.000    1.000      1.000    1.000     1.000     0
                 0.000    0.000    ?          0.000    ?          ?        0.992     0.007     1
                 0.396    0.003    0.710      0.396    0.509      0.525    0.937     0.389     2
                 0.000    0.000    ?          0.000    ?          ?        0.997     0.295     3
                 1.000    0.059    0.729      1.000    0.843      0.829    0.972     0.742     4
                 0.000    0.000    ?          0.000    ?          ?        0.841     0.055     5
                 0.777    0.192    0.618      0.777    0.689      0.551    0.877     0.663     6
                 0.183    0.028    0.537      0.183    0.273      0.252    0.888     0.482     7
Weighted Avg.    0.786    0.067    ?          0.786    ?          ?        0.941     0.765     

=== Confusion Matrix ===

     a     b     c     d     e     f     g     h   <-- classified as
 19989     0     0     0     0     0     0     0 |     a = 0
     0     0     5     0     0     0     0     0 |     b = 1
     0     0   325     0   458     0    34     3 |     c = 2
     0     0   128     0     0     0     0     0 |     d = 3
     0     0     0     0  6914     0     2     0 |     e = 4
     0     0     0     0     0     0   710    80 |     f = 5
     0     0     0     0  2107     0 11258  1119 |     g = 6
     0     0     0     0     0     0  6203  1392 |     h = 7

