=== Naive Bayes Classifier Training Results (before) ===
Classifier: 
Naive Bayes Classifier

                         Class
Attribute                    0       1       2       3       4       5       6       7       8       9      10
                        (0.08)  (0.31)     (0)     (0)  (0.02)     (0)  (0.14)  (0.02)  (0.11)  (0.18)  (0.15)
===============================================================================================================
price_encoded
  0                       576.0  3530.0     3.0     3.0   258.0    24.0  2578.0   221.0  1904.0  2861.0  2676.0
  1                      3172.0 10834.0     3.0     8.0   402.0    85.0  3029.0   332.0  2409.0  3753.0  4052.0
  2                       152.0   645.0     2.0     1.0    76.0    10.0   697.0   125.0   660.0  1220.0   393.0
  3                       148.0   488.0     1.0     3.0    55.0    11.0   432.0    80.0   413.0   743.0   291.0
  4                       162.0   254.0     1.0     1.0    21.0     3.0   176.0    37.0   164.0   362.0   177.0
  5                        31.0     9.0     1.0     1.0     3.0     1.0    10.0     1.0     5.0     2.0    12.0
  [total]                4241.0 15760.0    11.0    17.0   815.0   134.0  6922.0   796.0  5555.0  8941.0  7601.0

release_year_encoded
  1                         4.0    17.0     1.0     1.0     1.0     1.0     6.0     1.0     6.0    13.0     7.0
  2                        15.0    69.0     1.0     1.0     5.0     2.0    12.0     3.0    20.0    21.0    33.0
  3                        42.0   161.0     1.0     1.0     5.0     1.0    44.0     5.0    44.0    51.0    79.0
  4                        94.0   371.0     1.0     1.0    12.0     2.0    85.0    19.0    60.0   157.0   200.0
  5                       949.0  4012.0     1.0     1.0   110.0    15.0  1052.0   128.0   952.0  1495.0  1968.0
  6                      3137.0 11130.0     6.0    12.0   682.0   113.0  5723.0   640.0  4473.0  7204.0  5314.0
  [total]                4241.0 15760.0    11.0    17.0   815.0   134.0  6922.0   796.0  5555.0  8941.0  7601.0

all_percent_encoded
  0                      4236.0 15755.0     6.0    12.0     1.0   129.0     1.0     1.0     1.0     1.0     1.0
  1                         1.0     1.0     1.0     1.0   810.0     1.0   901.0     1.0     1.0     1.0     1.0
  2                         1.0     1.0     1.0     1.0     1.0     1.0  4394.0     1.0     1.0     1.0     1.0
  3                         1.0     1.0     1.0     1.0     1.0     1.0  1624.0     1.0  5550.0   414.0   464.0
  4                         1.0     1.0     1.0     1.0     1.0     1.0     1.0     1.0     1.0  5427.0  3571.0
  5                         1.0     1.0     1.0     1.0     1.0     1.0     1.0   791.0     1.0  3097.0  3563.0
  [total]                4241.0 15760.0    11.0    17.0   815.0   134.0  6922.0   796.0  5555.0  8941.0  7601.0

all_count_encoded
  0                      4236.0 15755.0     1.0     1.0     1.0     1.0     1.0     1.0     1.0     1.0     1.0
  1                         1.0     1.0     6.0    12.0   810.0   129.0  6905.0   727.0  5526.0  8817.0  7596.0
  2                         1.0     1.0     1.0     1.0     1.0     1.0    11.0    52.0    22.0    91.0     1.0
  3                         1.0     1.0     1.0     1.0     1.0     1.0     1.0    13.0     4.0    12.0     1.0
  4                         1.0     1.0     1.0     1.0     1.0     1.0     2.0     2.0     1.0    17.0     1.0
  5                         1.0     1.0     1.0     1.0     1.0     1.0     2.0     1.0     1.0     2.0     1.0
  6                         1.0     1.0     1.0     1.0     1.0     1.0     1.0     1.0     1.0     2.0     1.0
  [total]                4242.0 15761.0    12.0    18.0   816.0   135.0  6923.0   797.0  5556.0  8942.0  7602.0

tags_encoded
  0                       143.0   801.0     2.0     3.0    53.0    14.0   473.0   112.0   392.0   821.0   523.0
  1                       412.0  1350.0     2.0     1.0    67.0    10.0   625.0    43.0   509.0   633.0   579.0
  2                       503.0  1419.0     1.0     1.0    19.0     1.0   200.0    55.0   248.0   446.0   785.0
  3                       258.0  1118.0     2.0     6.0   165.0    38.0   870.0    36.0   540.0   707.0   452.0
  4                       487.0  1534.0     1.0     1.0    35.0     5.0   330.0    45.0   276.0   472.0   660.0
  5                        76.0   297.0     1.0     1.0    10.0     2.0   125.0    14.0   113.0   148.0   144.0
  6                      1570.0  6011.0     3.0     4.0   243.0    40.0  2399.0   385.0  2154.0  4077.0  3166.0
  7                       533.0  2200.0     1.0     1.0   129.0    19.0   976.0    33.0   683.0   722.0   803.0
  8                        12.0    52.0     1.0     1.0    36.0     2.0   514.0    52.0   386.0   574.0   178.0
  9                       251.0   982.0     1.0     2.0    62.0     7.0   414.0    25.0   258.0   345.0   315.0
  [total]                4245.0 15764.0    15.0    21.0   819.0   138.0  6926.0   800.0  5559.0  8945.0  7605.0



=== Evaluation Summary ===
Accuracy: 71.98%

Correctly Classified Instances       36514               71.9814 %
Incorrectly Classified Instances     14213               28.0186 %
Kappa statistic                          0.6464
Mean absolute error                      0.0692
Root mean squared error                  0.1864
Relative absolute error                 46.8902 %
Root relative squared error             68.6067 %
Total Number of Instances            50727     

=== Detailed Accuracy By Class ===

                 TP Rate  FP Rate  Precision  Recall   F-Measure  MCC      ROC Area  PRC Area  Class
                 0.007    0.000    0.789      0.007    0.014      0.070    0.860     0.280     0
                 0.999    0.120    0.789      0.999    0.882      0.833    0.950     0.833     1
                 0.000    0.000    ?          0.000    ?          ?        0.996     0.016     2
                 0.000    0.000    ?          0.000    ?          ?        0.998     0.070     3
                 0.358    0.006    0.495      0.358    0.416      0.413    0.991     0.494     4
                 1.000    0.000    0.889      1.000    0.941      0.943    1.000     0.861     5
                 0.723    0.012    0.906      0.723    0.804      0.783    0.978     0.905     6
                 0.078    0.001    0.713      0.078    0.141      0.233    0.954     0.226     7
                 1.000    0.055    0.689      1.000    0.816      0.807    0.973     0.692     8
                 0.641    0.083    0.622      0.641    0.631      0.551    0.927     0.673     9
                 0.524    0.073    0.558      0.524    0.540      0.463    0.915     0.570     10
Weighted Avg.    0.720    0.071    ?          0.720    ?          ?        0.940     0.699     

=== Confusion Matrix ===

     a     b     c     d     e     f     g     h     i     j     k   <-- classified as
    30  4205     0     0     0     0     0     0     0     0     0 |     a = 0
     8 15746     0     0     0     0     0     0     0     0     0 |     b = 1
     0     0     0     0     0     5     0     0     0     0     0 |     c = 2
     0     0     0     0     0    11     0     0     0     0     0 |     d = 3
     0     0     0     0   290     0   519     0     0     0     0 |     e = 4
     0     0     0     0     0   128     0     0     0     0     0 |     f = 5
     0     0     0     0   296     0  4997     0  1623     0     0 |     g = 6
     0     0     0     0     0     0     0    62     0   337   391 |     h = 7
     0     0     0     0     0     0     0     0  5549     0     0 |     i = 8
     0     0     0     0     0     0     0    25   413  5730  2767 |     j = 9
     0     0     0     0     0     0     0     0   463  3150  3982 |     k = 10

